0.004180
0.003093
0.003277
0.003815
0.003584
0.003109
0.003030
0.003091
0.002991
0.003619
0.003211
0.003001
0.003070
0.002987
0.003796
0.002991
0.003107
0.003151
0.002994
0.003675
0.003848
0.004469
0.003871
0.005088
0.003572
0.003006
0.003085
0.003030
0.003599
0.003093
0.003222
0.003390
0.003416
0.003528
0.002997
0.003071
0.003027
0.003047
0.003043
0.003639
0.003053
0.003047
0.003081
0.002995
0.003344
0.002999
0.003975
0.004621
0.003634
0.003166
0.003073
0.003024
0.003051
0.003000
0.003509
0.002998
0.003034
0.002993
0.003023
0.003549
0.002997
0.003084
0.003000
0.003752
0.003095
0.003165
0.002990
0.003005
0.003149
0.003023
0.003816
0.003254
0.003078
0.002996
0.003081
0.003240
0.002988
0.003023
0.003001
0.002995
0.003025
0.003140
0.003003
0.002993
0.003006
0.003119
0.003002
0.003091
0.002999
0.003011
0.002999
0.003111
0.003542
0.002999
0.003015
0.002997
0.003347
0.003213
0.002992
0.003000
0.003383
0.003492
0.002993
0.003151
0.003556
0.003054
0.003055
0.003098
0.003027
0.003033
0.002999
0.002989
0.003007
0.003006
0.002987
0.002990
0.002997
0.003156
0.002987
0.003012
0.003072
0.003033
0.003018
0.003057
0.004418
0.002994
0.003194
0.003003
0.003760
0.005225
0.003350
0.003044
0.002992
0.003067
0.003003
0.002996
0.003037
0.003006
0.002996
0.003000
0.003002
0.003155
0.003005
0.003027
0.003167
0.002990
0.003084
0.003000
0.003386
0.004501
0.004827
0.003325
0.003003
0.003316
0.005078
0.003042
0.003707
0.003080
0.003761
0.003184
0.003143
0.002993
0.003084
0.003263
0.003838
0.002996
0.003119
0.002997
0.002995
0.003023
0.003078
0.003022
0.002997
0.003032
0.002984
0.002982
0.002989
0.003049
0.003021
0.002980
0.003021
0.002996
0.002995
0.003012
0.002983
0.002998
0.002987
0.003014
0.003000
0.002993
0.003074
0.003223
0.002993
0.003000
0.003031
0.002987
0.002990
0.003069
0.002984
0.002982
0.003355
0.003249
0.002990
0.003022
0.003064
0.003033
0.002995
0.003027
0.002997
0.002979
0.003027
0.002990
0.003035
0.003004
0.004612
0.005667
0.003618
0.002980
0.002987
0.003018
0.004236
0.004515
0.004769
0.003289
0.003025
0.002998
0.002988
0.003087
0.002996
0.003051
0.003033
0.003018
0.003046
0.002997
0.003230
0.003056
0.003040
0.002988
0.003013
0.002980
0.003001
0.003014
0.003036
0.003085
0.003018
0.002992
0.003004
0.003264
0.003523
0.003845
0.003030
0.003355
0.003204
0.003585
0.004656
0.004628
0.003782
0.002985
0.003106
0.003031
0.003005
0.002999
0.003013
0.002985
0.003095
0.002982
0.003014
0.003035
0.003006
0.003028
0.003634
0.005536
0.004186
0.004590
0.003159
0.002984
0.003018
0.003019
0.003084
0.003710
0.003403
0.004137
0.003024
0.003796
0.003061
0.002997
0.003018
0.002983
0.003058
0.003057
0.003023
0.002986
0.002989
0.003018
0.003319
0.003003
0.003016
0.003001
0.003039
0.003012
0.003298
0.003040
0.003000
0.002992
0.003016
0.002990
0.002985
0.003046
0.002991
0.003075
0.003004
0.002997
0.003043
0.002991
0.003083
0.003003
0.004495
0.003874
0.003021
0.002990
0.003006
0.002995
0.003003
0.003005
0.003006
0.002992
0.003008
0.002984
0.002989
0.002999
0.002988
0.003008
0.003000
0.002994
0.002995
0.002998
0.003026
0.002999
0.002999
0.002990
0.002995
0.002988
0.002990
0.003005
0.003009
0.002998
0.002992
0.002998
0.003030
0.004655
0.003316
0.003429
0.003765
0.003231
0.002992
0.002992
0.003069
0.002994
0.003717
0.003013
0.003914
0.002999
0.003212
0.002992
0.003025
0.003034
0.003149
0.002995
0.002981
0.003007
0.002990
0.002993
0.003069
0.002980
0.002986
0.002996
0.003186
0.003052
0.003551
0.003015
0.003234
0.002987
0.003015
0.002996
0.002984
0.002988
0.003007
0.003021
0.002989
0.003017
0.002988
0.003082
0.002989
0.003017
0.002981
0.003015
0.003005
0.003077
0.002985
0.003009
0.002988
0.002984
0.002985
0.003014
0.002990
0.003070
0.003334
0.003044
0.002984
0.002995
0.003184
0.003220
0.003014
0.003564
0.004705
0.003719
0.002996
0.003054
0.003019
0.003072
0.002991
0.003001
0.003059
0.003053
0.003035
0.003053
0.003043
0.003056
0.002998
0.003017
0.002981
0.002987
0.003017
0.003638
0.003028
0.003000
0.003007
0.002995
0.003002
0.003111
0.002995
0.002983
0.003405
0.004522
0.005059
0.003121
0.002993
0.002991
0.003021
0.003117
0.003001
0.003043
0.003000
0.002992
0.003017
0.003266
0.003071
0.003024
0.003016
0.003037
0.002995
0.002997
0.003117
0.002994
0.003324
0.005504
0.004547
0.002999
0.004266
0.003022
0.002992
0.003020
0.003007
0.002989
0.002999
0.003009
0.003243
0.002996
0.002998
0.004495
0.004179
0.002983
0.002990
0.002990
0.002987
0.002994
0.002983
0.002993
0.003077
0.003001
0.002989
0.002991
0.003274
0.003040
0.002991
0.003021
0.003010
0.002988
0.003289
0.003220
0.003099
0.003022
0.003155
0.002989
0.003019
0.003047
0.003029
0.002997
0.003271
0.003013
0.002983
0.002984
0.002989
0.002995
0.002990
0.002991
0.003147
0.002992
0.002989
0.002987
0.002990
0.002983
0.003028
0.002995
0.002997
0.002999
0.002994
0.003032
0.003303
0.003039
0.002998
0.004739
0.002987
0.002986
0.002986
0.003047
0.002987
0.002994
0.003027
0.002995
0.002987
0.003555
0.004667
0.003085
0.003016
0.003003
0.002981
0.002990
0.003020
0.002992
0.002984
0.003009
0.002998
0.003021
0.003013
0.002985
0.002988
0.002994
0.003017
0.003059
0.003544
0.003110
0.002989
0.004145
0.004267
0.003090
0.003031
0.003085
0.003279
0.003367
0.003016
0.003000
0.003165
0.003500
0.003011
0.003181
0.003099
0.005390
0.002984
0.002991
0.003314
0.003035
0.003011
0.002985
0.002991
0.003027
0.002991
0.002994
0.003000
0.002996
0.003130
0.003036
0.003042
0.002998
0.002980
0.002999
0.003079
0.002987
0.002993
0.002977
0.002993
0.002985
0.002986
0.003002
0.002988
0.004162
0.004092
0.004086
0.004520
0.004437
0.004692
0.003839
0.002985
0.003062
0.003326
0.003042
0.002988
0.002993
0.003019
0.003148
0.003035
0.003048
0.003166
0.003044
0.003159
0.002985
0.002996
0.002982
0.002991
0.002988
0.002993
0.003002
0.002990
0.003063
0.003094
0.003225
0.003107
0.003088
0.002992
0.003005
0.003005
0.003008
0.002993
0.003003
0.003023
0.002998
0.003004
0.003025
0.003115
0.002990
0.002989
0.003017
0.002996
0.002990
0.003019
0.003000
0.003016
0.003303
0.003123
0.002984
0.002995
0.003015
0.002983
0.002987
0.003011
0.002983
0.003118
0.003043
0.003270
0.003020
0.003048
0.003018
0.003000
0.002996
0.003036
0.003001
0.002988
0.002995
0.002981
0.002988
0.002986
0.002992
0.002977
0.002987
0.003000
0.002998
0.002995
0.002991
0.003002
0.002997
0.003014
0.003253
0.002991
0.002997
0.002974
0.003183
0.003057
0.003001
0.003021
0.002986
0.002990
0.003081
0.003193
0.002996
0.003001
0.003017
0.003058
0.002986
0.003025
0.002989
0.002993
0.003013
0.002986
0.002983
0.002985
0.003014
0.002994
0.003002
0.003040
0.002980
0.002982
0.002992
0.003019
0.003198
0.003863
0.004684
0.004343
0.003039
0.003114
0.003001
0.003150
0.002989
0.003029
0.003092
0.003916
0.003039
0.003008
0.003015
0.003004
0.002999
0.003006
0.002985
0.003034
0.003025
0.003125
0.002989
0.002998
0.003011
0.002998
0.002994
0.003016
0.002994
0.002995
0.002996
0.003028
0.002986
0.003002
0.003098
0.002992
0.002985
0.003064
0.005198
0.003777
0.003011
0.003010
0.003024
0.003672
0.004651
0.003480
0.003009
0.002989
0.003017
0.003215
0.003131
0.002987
0.003011
0.002997
0.003027
0.002991
0.002982
0.002986
0.002995
0.002981
0.003029
0.003044
0.002997
0.002987
0.003049
0.003010
0.003001
0.003030
0.002978
0.003006
0.003027
0.002993
0.002994
0.002993
0.003019
0.002999
0.004305
0.003243
0.003111
0.003082
0.002979
0.003025
0.002988
0.002989
0.002993
0.002980
0.003002
0.002997
0.002987
0.002986
0.002994
0.002989
0.002996
0.002981
0.002989
0.002993
0.003013
0.002985
0.003028
0.002983
0.002983
0.002993
0.002985
0.002990
0.003003
0.002996
0.002995
0.003021
0.003001
0.004337
0.003661
0.003007
0.003018
0.003028
0.003047
0.003005
0.002994
0.003040
0.002993
0.003010
0.003054
0.003195
0.003024
0.004041
0.004253
0.004413
0.004481
0.004510
0.004589
0.004610
0.004604
0.003630
0.003105
0.004511
0.003147
0.003007
0.003085
0.003420
0.002991
0.003000
0.003310
0.003943
0.003253
0.003602
0.003311
0.003965
0.003768
0.003863
0.003238
0.004250
0.004380
0.004090
0.004214
0.004558
0.004528
0.004627
0.004430
0.004592
0.004055
0.004440
0.004438
0.004011
0.004050
0.003387
0.003786
0.003262
0.003056
0.003053
0.003031
0.003000
0.002996
0.003193
0.003168
0.003022
0.002998
0.002986
0.002997
0.002978
0.002988
0.002999
0.002996
0.002928
0.002977
0.003084
0.002994
0.002994
0.002989
0.003064
0.003077
0.002989
0.002990
0.003001
0.002995
0.002990
0.003040
0.004016
0.003555
0.002989
0.002979
0.002999
0.002984
0.003000
0.003041
0.003014
0.003051
0.003005
0.002995
0.002982
0.002990
0.002981
0.002984
0.002984
0.003549
0.004355
0.002999
0.003032
0.002978
0.003022
0.003336
0.003137
0.002996
0.003018
0.002993
0.002988
0.002983
0.003063
0.002995
0.002989
0.004182
0.003816
0.002994
0.003019
0.002994
0.002999
0.003018
0.002984
0.002982
0.002994
0.003188
0.002992
0.003005
0.003130
0.003001
0.002997
0.003022
0.002995
0.003000
0.002993
0.003007
0.003004
0.002996
0.003023
0.002994
0.002996
0.002995
0.003021
0.002993
0.002991
0.003032
0.003048
0.002997
0.004321
0.004668
0.003016
0.003023
0.002995
0.002975
0.003021
0.002988
0.002982
0.003011
0.003010
0.002999
0.002993
0.003014
0.002980
0.002989
0.003018
0.002989
0.003001
0.003050
0.003019
0.003063
0.003276
0.003168
0.003044
0.002992
0.003013
0.003015
0.002991
0.003053
0.003011
0.003006
0.003327
0.003381
0.002988
0.002981
0.003061
0.003056
0.003086
0.003545
