0.023121217
0.004780009
0.004787913
0.004689266
0.004249371
0.00454365
0.004387149
0.004426961
0.004207773
0.0047869
0.004239194
0.004892259
0.005887307
0.004585611
0.004014345
0.004166941
0.004944448
0.004242818
0.004121356
0.004518416
0.004403672
0.004423671
0.00421086
0.004637821
0.004442372
0.00463652
0.004168367
0.004711191
0.004005616
0.004170806
0.004186757
0.004672534
0.004297572
0.003888661
0.004251778
0.00506817
0.005204791
0.004755979
0.004838224
0.005714878
0.00560966
0.005236165
0.00414272
0.003970252
0.004211257
0.00475639
0.004654156
0.004303525
0.004236792
0.004920486
0.004055736
0.003896338
0.00465792
0.004724828
0.004370861
0.005676665
0.005084753
0.004177381
0.004310605
0.004748619
0.004451068
0.003962474
0.003881367
0.004394843
0.00424268
0.003825204
0.003951404
0.004621484
0.004267186
0.003912634
0.003974454
0.003993529
0.00385828
0.004075065
0.003836879
0.004401242
0.004220561
0.003840457
0.003989567
0.003854958
0.004171513
0.003850828
0.00394839
0.003953114
0.003999771
0.003971098
0.003822851
0.00394764
0.003982774
0.003849151
0.003836573
0.003881723
0.00384165
0.003806323
0.003804204
0.004067183
0.003867585
0.003830004
0.003974709
0.005266309
0.003626141
0.003757395
0.003882302
0.003705724
0.003635724
0.003620036
0.003660069
0.003694999
0.003523039
0.003559078
0.003527824
0.003525536
0.003539633
0.004011291
0.003530258
0.003551528
0.003522281
0.00355593
0.003539663
0.003899808
0.004065224
0.003710197
0.003787207
0.003534309
0.003575911
0.003578468
0.003535179
0.003594013
0.003558647
0.003539421
0.003554772
0.003537227
0.003548887
0.003547275
0.004205641
0.004162944
0.003577478
0.003638494
0.00354844
0.003548666
0.003699379
0.003575403
0.003656533
0.003531304
0.0035513
0.003518152
0.003582963
0.003572407
0.003531308
0.003540149
0.003699264
0.003532386
0.003530986
0.003535333
0.003537799
0.003525698
0.003526245
0.003536625
0.003526857
0.003527947
0.004017685
0.00450634
0.003631287
0.003572181
0.003663486
0.00384849
0.003711163
0.003537685
0.003684708
0.003902006
0.003573864
0.003523425
0.003620342
0.003816738
0.003532983
0.003555123
0.00352622
0.004066731
0.003740133
0.003543817
0.003525772
0.003599425
0.004331112
0.003889939
0.003538326
0.003532887
0.003826413
0.003635434
0.003548977
0.003528698
0.003553811
0.004342208
0.003881308
0.003544652
0.003528523
0.003670299
0.003623541
0.0035408
0.003548299
0.003592864
0.003551432
0.004207915
0.003847382
0.004099111
0.003798871
0.00368886
0.003536453
0.003619708
0.00358303
0.004288984
0.004411228
0.004246482
0.00376615
0.004463392
0.004026899
0.003660386
0.003793535
0.004304966
0.004494175
0.00458329
0.004546178
0.004460387
0.00459739
0.003705664
0.003679483
0.004087502
0.003820334
0.003978183
0.003547772
0.003699788
0.003717618
0.003593212
0.003626039
0.004483496
0.004168574
0.00360216
0.003529399
0.003604562
0.004305731
0.003798823
0.004043005
0.00393271
0.004689047
0.004512601
0.004962099
0.004036519
0.004594301
0.00454105
0.004372699
0.00443159
0.003897475
0.003922529
0.003632418
0.004446275
0.004679479
0.003569686
0.003589052
0.003569285
0.003668691
0.00357549
0.00355779
0.003548601
0.003581706
0.003543861
0.003569398
0.003544864
0.00360282
0.003672468
0.003686298
0.003542301
0.003676285
0.00390046
0.003603922
0.003538032
0.003609989
0.00390535
0.003724994
0.003826373
0.003617235
0.003675964
0.004058691
0.004497053
0.004135535
0.00379504
0.004044411
0.00380334
0.003548054
0.003642152
0.003965606
0.003621489
0.003561182
0.003577775
0.003766294
0.003820451
0.003595048
0.003545753
0.003662111
0.003868115
0.003626122
0.003562164
0.003597664
0.003828172
0.004541537
0.00352927
0.003752582
0.003635696
0.004181329
0.003813395
0.003562578
0.003817061
0.003806583
0.003982426
0.003537452
0.003768657
0.003736205
0.003920084
0.003584884
0.003779522
0.003814885
0.004532239
0.003800881
0.003534051
0.003841195
0.003922728
0.003787529
0.003586535
0.003773282
0.003775242
0.003910244
0.003530812
0.003751064
0.003605786
0.004202935
0.003915091
0.003541293
0.00382058
0.003962112
0.003868041
0.004228017
0.004945136
0.004961799
0.004522532
0.00377059
0.003636737
0.004143308
0.003823935
0.003530754
0.003780206
0.003894831
0.00379789
0.003533116
0.003791087
0.004054268
0.003850956
0.003563408
0.003594971
0.0036046
0.003885566
0.003601355
0.003640414
0.003541621
0.003693177
0.003816437
0.003564494
0.003569533
0.003651285
0.004029081
0.003546271
0.003598887
0.003535479
0.003823464
0.003882301
0.003612441
0.003567793
0.003669572
0.003931217
0.003616087
0.003535184
0.003593797
0.00388888
0.003840228
0.003550879
0.003566821
0.003618346
0.003984112
0.003600494
0.003661276
0.00358478
0.003784011
0.003642969
0.003548089
0.003557251
0.003585211
0.00385917
0.003610594
0.004126184
0.003527416
0.00414012
0.003605882
0.003570212
0.003530334
0.003690469
0.003766595
0.00356616
0.004188741
0.003660654
0.00398421
0.003838206
0.003547328
0.003570354
0.003784597
0.003798734
0.003551141
0.003688893
0.00356721
0.003978599
0.003816129
0.003568383
0.00353974
0.003702
0.003849603
0.003772777
0.003537269
0.003588143
0.003749253
0.003655046
0.003538116
0.00352782
0.003651221
0.003958609
0.003568516
0.003565689
0.003557402
0.003753349
0.003644332
0.003564116
0.003524435
0.003619005
0.003980592
0.003554083
0.003654593
0.003590447
0.003761715
0.004481252
0.003692075
0.003604883
0.003735946
0.003736636
0.003533657
0.003540589
0.003578307
0.003664808
0.003853901
0.003554168
0.003528935
0.003757934
0.003648634
0.003543658
0.003530369
0.003551804
0.003817208
0.003575
0.003529652
0.003525959
0.00363387
0.003798504
0.003526506
0.003590932
0.003651538
0.005844721
0.003737055
0.003759386
0.003631339
0.00375615
0.003728201
0.003557544
0.003541162
0.003621109
0.003862443
0.003572149
0.003530531
0.003593151
0.003760804
0.003583673
0.003550868
0.003539864
0.003572333
0.004199348
0.003838033
0.003622667
0.003515809
0.003761835
0.003736006
0.003529233
0.003673847
0.003630369
0.003669966
0.003529002
0.003757524
0.003630863
0.003568405
0.003534965
0.003527336
0.003547971
0.0035331
0.004256389
0.003657762
0.003539175
0.003527786
0.003644086
0.003542381
0.003535095
0.003668409
0.004175645
0.003683178
0.003530679
0.003531878
0.003528233
0.003525313
0.00353427
0.00352388
0.003539744
0.003685947
0.00352046
0.003767832
0.003667263
0.003560398
0.003612781
0.003681113
0.00404305
0.004043252
0.003636391
0.004236049
0.004540594
0.003809626
0.003628273
0.004040841
0.004323357
0.003824457
0.004208633
0.003837751
0.003844173
0.003670555
0.003517554
0.003664688
0.003918612
0.003574157
0.003558515
0.003632067
0.003784364
0.003671272
0.00352999
0.003544036
0.003573819
0.003620476
0.003552869
0.003523066
0.003532402
0.003547871
0.003634397
0.003629059
0.00353588
0.003537458
0.00358379
0.003536338
0.00352381
0.003524319
0.003536497
0.00357474
0.003528701
0.003549613
0.00352753
0.004038675
0.003607926
0.003527092
0.00354591
0.003568884
0.003654478
0.003550595
0.003525502
0.003519109
0.003540872
0.003543092
0.003520778
0.003543075
0.003527712
0.003529507
0.003604884
0.003695614
0.00400557
0.003709846
0.003571244
0.003626335
0.003642779
0.003596658
0.003565464
0.003549423
0.003904464
0.003997161
0.003528783
0.003525904
0.003543912
0.003787104
0.004480249
0.005424063
0.003547721
0.00358496
0.003572446
0.003601109
0.003656374
0.003537186
0.003533491
0.003564729
0.003574976
0.003542049
0.003526103
0.003527043
0.003546637
0.003532983
0.003601879
0.003543307
0.003509582
0.00352898
0.003550266
0.003524579
0.003521872
0.003540714
0.003527546
0.003520218
0.003544191
0.003525347
0.003527217
0.003935492
0.003573642
0.003659177
0.003542339
0.00354967
0.003599595
0.003521016
0.003532786
0.003534799
0.003540734
0.003767362
0.003581346
0.003540216
0.003524479
0.00355322
0.003521293
0.003517718
0.003544862
0.003523418
0.00354814
0.003559824
0.003527589
0.003523207
0.003537392
0.003528732
0.003536628
0.003534334
0.003526445
0.003527013
0.00367167
0.003654595
0.003589107
0.004358295
0.00354781
0.004079843
0.003894523
0.003563374
0.003568183
0.003529222
0.003511605
0.003541837
0.003667579
0.003560878
0.003525054
0.003521063
0.003640182
0.003856455
0.003633068
0.003524304
0.003520562
0.00356291
0.003718825
0.003648153
0.003527505
0.003539355
0.003602846
0.003555051
0.003595487
0.003560639
0.00352728
0.003526585
0.003526379
0.003528151
0.003530148
0.003525025
0.003543556
0.003517695
0.003513521
0.003515703
0.003528065
0.004283425
0.00354809
0.003526952
0.003526402
0.003523357
0.00361529
0.003518923
0.003522567
0.003527846
0.004202748
0.003757809
0.003718043
0.003585821
0.003992439
0.00376812
0.003617778
0.00352629
0.003640189
0.00381673
0.003542747
0.003543786
0.003556309
0.00382315
0.003677294
0.003562853
0.003534116
0.003632314
0.003980748
0.00353696
0.003550666
0.003570355
0.00376929
0.003753212
0.003524547
0.003537619
0.003593923
0.00384089
0.003552966
0.003536061
0.003530509
0.003683111
0.004348738
0.003679216
0.003571055
0.00360287
0.003649915
0.003540517
0.003540083
0.003540624
0.003637193
0.003610253
0.003564135
0.003539135
0.003569953
0.003591816
0.003558771
0.003516319
0.003534927
0.003533798
0.003532797
0.003526806
0.00352081
0.003526822
0.003520237
0.003516007
0.003524497
0.003522192
0.003518181
0.003539502
0.003545274
0.003667897
0.003538422
0.003530665
0.003518165
0.003553751
0.003522752
0.003522466
0.003537161
0.003560084
0.004186609
0.003544005
0.003527412
0.003709867
0.003580466
0.003514664
0.003633571
0.003543746
0.00352196
0.003534579
0.003526686
0.003527246
0.003542224
0.003519958
0.003674367
0.003543582
0.004026769
0.003596638
0.003549773
0.003682732
0.003542019
0.003549859
0.003523356
0.003523448
0.003533154
0.0035254
0.003521491
0.003547834
0.0039595
0.004462023
0.003905143
0.004559661
0.00369027
0.003526799
0.004183944
0.004032109
0.00358437
0.003561176
0.003558511
0.003638675
0.00366262
0.003528116
0.003584928
0.003592083
0.003587375
0.003557133
0.003584957
0.003602586
0.003533309
0.003545383
0.003525002
0.003517492
0.003541899
0.003545824
0.00354257
0.003526728
0.003522445
0.00353641
0.003523005
0.003523957
0.00352955
0.00352604
0.003524074
0.003531759
0.003523719
0.003523105
0.003544677
0.003533623
0.003524752
0.003561596
0.003751937
0.003559088
0.003773959
0.003617716
0.003528254
0.003662086
0.003621721
0.003872175
0.003541332
0.003525336
0.003585126
0.003698677
0.003728856
0.003561777
0.003516006
0.003564092
0.003829218
0.003557081
0.00352674
0.003523454
0.003663777
0.004106205
0.003537055
0.003536869
0.003579033
0.003852475
0.003616284
0.003551344
0.003543821
0.003664856
0.003835646
0.003530444
0.003566797
0.003643368
0.003782981
0.003654667
0.003535124
0.003523904
0.00361704
0.00426961
0.00352293
0.00361053
0.003573987
0.003820545
0.003581916
0.003514712
0.003522711
0.003594337
0.003837757
0.003536858
0.003543954
0.003559335
0.003642795
0.003801697
0.003540761
0.003557921
0.003565205
0.003841553
0.003592966
0.003527502
0.003676063
0.00375057
0.003875746
0.003545534
0.003544362
0.003566307
0.003837242
0.003585785
0.003524998
0.003569408
0.003602614
0.003844797
0.003560332
0.003525099
0.003561738
0.003752186
0.003736497
0.003767286
0.003548685
0.003920127
0.003746188
0.004467349
0.003515815
0.003605111
0.003809572
0.003559232
0.004398817
0.005076989
0.004377105
0.006667857
0.003561738
0.003810667
0.003648804
0.004274967
0.003537461
0.003872958
0.003760401
0.003543663
0.003532408
0.003552373
0.003749816
0.003940867
0.003648673
0.003887698
0.004050002
0.003950496
0.004319047
0.004325894
0.00425361
0.003842451
0.003532178
0.003525774
0.003640461
0.003761998
0.00370635
0.00351945
0.003536505
0.003601845
0.003879274
0.003546855
0.00354993
0.003563638
0.003796016
0.003745088
0.003578167
0.003558535
0.003606455
0.003864731
0.003601423
0.00352445
0.004161341
0.003661593
0.003701068
0.003597029
0.003541469
0.003576022
0.003894695
0.003555794
0.003540457
0.00353016
0.003770851
0.003760705
0.003542504
0.003614351
0.003561609
0.003896843
0.003741946
0.003556558
0.003614411
0.003705612
0.004014138
0.003637155
0.003522837
0.003595327
0.003849519
0.003674847
0.003525768
0.003634924
0.003655373
0.003784738
0.003602806
0.003611703
0.003525854
0.003835276
0.003863479
0.003583052
0.003591227
0.003814973
0.003886728
0.003541237
0.003602323
0.003553661
0.003826983
