start pl/0
valores iniciais              p      b      t      stack
                              0      0      0      0      0      0      0      0      0      0   

codigo                        p      b      t      stack
intt   0  3                   1      0      3      0      0      0      0      0      0      0   
 lit   0  0                   2      0      4      0      0      0      0      0      0      0   
 lit   0 11                   3      0      5      0      0      0      0     11      0      0   
 lit   0  1                   4      0      6      0      0      0      0     11      1      0   
 opr   0  3                   5      0      5      0      0      0      0     10      1      0   
 opr   0  2                   6      0      4      0      0      0     10     10      1      0   
intt   0  1                   7      0      5      0      0      0     10     10      1      0   
 jpc   0 10                   8      0      4      0      0      0     10     10      1      0   
intt   0  2                   9      0      6      0      0      0     10     10      1      0   
 jmp   0  4                   4      0      6      0      0      0     10     10      1      0   
 opr   0  3                   5      0      5      0      0      0     10      9      1      0   
 opr   0  2                   6      0      4      0      0      0     19      9      1      0   
intt   0  1                   7      0      5      0      0      0     19      9      1      0   
 jpc   0 10                   8      0      4      0      0      0     19      9      1      0   
intt   0  2                   9      0      6      0      0      0     19      9      1      0   
 jmp   0  4                   4      0      6      0      0      0     19      9      1      0   
 opr   0  3                   5      0      5      0      0      0     19      8      1      0   
 opr   0  2                   6      0      4      0      0      0     27      8      1      0   
intt   0  1                   7      0      5      0      0      0     27      8      1      0   
 jpc   0 10                   8      0      4      0      0      0     27      8      1      0   
intt   0  2                   9      0      6      0      0      0     27      8      1      0   
 jmp   0  4                   4      0      6      0      0      0     27      8      1      0   
 opr   0  3                   5      0      5      0      0      0     27      7      1      0   
 opr   0  2                   6      0      4      0      0      0     34      7      1      0   
intt   0  1                   7      0      5      0      0      0     34      7      1      0   
 jpc   0 10                   8      0      4      0      0      0     34      7      1      0   
intt   0  2                   9      0      6      0      0      0     34      7      1      0   
 jmp   0  4                   4      0      6      0      0      0     34      7      1      0   
 opr   0  3                   5      0      5      0      0      0     34      6      1      0   
 opr   0  2                   6      0      4      0      0      0     40      6      1      0   
intt   0  1                   7      0      5      0      0      0     40      6      1      0   
 jpc   0 10                   8      0      4      0      0      0     40      6      1      0   
intt   0  2                   9      0      6      0      0      0     40      6      1      0   
 jmp   0  4                   4      0      6      0      0      0     40      6      1      0   
 opr   0  3                   5      0      5      0      0      0     40      5      1      0   
 opr   0  2                   6      0      4      0      0      0     45      5      1      0   
intt   0  1                   7      0      5      0      0      0     45      5      1      0   
 jpc   0 10                   8      0      4      0      0      0     45      5      1      0   
intt   0  2                   9      0      6      0      0      0     45      5      1      0   
 jmp   0  4                   4      0      6      0      0      0     45      5      1      0   
 opr   0  3                   5      0      5      0      0      0     45      4      1      0   
 opr   0  2                   6      0      4      0      0      0     49      4      1      0   
intt   0  1                   7      0      5      0      0      0     49      4      1      0   
 jpc   0 10                   8      0      4      0      0      0     49      4      1      0   
intt   0  2                   9      0      6      0      0      0     49      4      1      0   
 jmp   0  4                   4      0      6      0      0      0     49      4      1      0   
 opr   0  3                   5      0      5      0      0      0     49      3      1      0   
 opr   0  2                   6      0      4      0      0      0     52      3      1      0   
intt   0  1                   7      0      5      0      0      0     52      3      1      0   
 jpc   0 10                   8      0      4      0      0      0     52      3      1      0   
intt   0  2                   9      0      6      0      0      0     52      3      1      0   
 jmp   0  4                   4      0      6      0      0      0     52      3      1      0   
 opr   0  3                   5      0      5      0      0      0     52      2      1      0   
 opr   0  2                   6      0      4      0      0      0     54      2      1      0   
intt   0  1                   7      0      5      0      0      0     54      2      1      0   
 jpc   0 10                   8      0      4      0      0      0     54      2      1      0   
intt   0  2                   9      0      6      0      0      0     54      2      1      0   
 jmp   0  4                   4      0      6      0      0      0     54      2      1      0   
 opr   0  3                   5      0      5      0      0      0     54      1      1      0   
 opr   0  2                   6      0      4      0      0      0     55      1      1      0   
intt   0  1                   7      0      5      0      0      0     55      1      1      0   
 jpc   0 10                   8      0      4      0      0      0     55      1      1      0   
intt   0  2                   9      0      6      0      0      0     55      1      1      0   
 jmp   0  4                   4      0      6      0      0      0     55      1      1      0   
 opr   0  3                   5      0      5      0      0      0     55      0      1      0   
 opr   0  2                   6      0      4      0      0      0     55      0      1      0   
intt   0  1                   7      0      5      0      0      0     55      0      1      0   
 jpc   0 10                  10      0      4      0      0      0     55      0      1      0   
 opr   0  0                   0      0      0      0      0      0     55      0      1      0   
end pl/0
