start pl/0
valores iniciais              p      b      t      stack
                              0      0      0      0      0      0      0      0      0      0   

codigo                        p      b      t      stack
intt   0  3                   1      0      3      0      0      0      0      0      0      0   
 lit   0  0                   2      0      4      0      0      0      0      0      0      0   
intt   0  1                   3      0      5      0      0      0      0      0      0      0   
 lit   0 101                   4      0      6      0      0      0      0      0    101      0   
 lit   0  1                   5      0      7      0      0      0      0      0    101      1   
 opr   0  3                   6      0      6      0      0      0      0      0    100      1   
 sto   0  5                   7      0      5      0      0      0      0    100    100      1   
intt   0  1                   8      0      6      0      0      0      0    100    100      1   
 opr   0  4                   9      0      5      0      0      0      0   10000    100      1   
 opr   0  2                  10      0      4      0      0      0   10000   10000    100      1   
intt   0  2                  11      0      6      0      0      0   10000   10000    100      1   
 jpc   0 14                  12      0      5      0      0      0   10000   10000    100      1   
intt   0  2                  13      0      7      0      0      0   10000   10000    100      1   
 jmp   0  5                   5      0      7      0      0      0   10000   10000    100      1   
 opr   0  3                   6      0      6      0      0      0   10000   10000     99      1   
 sto   0  5                   7      0      5      0      0      0   10000     99     99      1   
intt   0  1                   8      0      6      0      0      0   10000     99     99      1   
 opr   0  4                   9      0      5      0      0      0   10000   9801     99      1   
 opr   0  2                  10      0      4      0      0      0   19801   9801     99      1   
intt   0  2                  11      0      6      0      0      0   19801   9801     99      1   
 jpc   0 14                  12      0      5      0      0      0   19801   9801     99      1   
intt   0  2                  13      0      7      0      0      0   19801   9801     99      1   
 jmp   0  5                   5      0      7      0      0      0   19801   9801     99      1   
 opr   0  3                   6      0      6      0      0      0   19801   9801     98      1   
 sto   0  5                   7      0      5      0      0      0   19801     98     98      1   
intt   0  1                   8      0      6      0      0      0   19801     98     98      1   
 opr   0  4                   9      0      5      0      0      0   19801   9604     98      1   
 opr   0  2                  10      0      4      0      0      0   29405   9604     98      1   
intt   0  2                  11      0      6      0      0      0   29405   9604     98      1   
 jpc   0 14                  12      0      5      0      0      0   29405   9604     98      1   
intt   0  2                  13      0      7      0      0      0   29405   9604     98      1   
 jmp   0  5                   5      0      7      0      0      0   29405   9604     98      1   
 opr   0  3                   6      0      6      0      0      0   29405   9604     97      1   
 sto   0  5                   7      0      5      0      0      0   29405     97     97      1   
intt   0  1                   8      0      6      0      0      0   29405     97     97      1   
 opr   0  4                   9      0      5      0      0      0   29405   9409     97      1   
 opr   0  2                  10      0      4      0      0      0   38814   9409     97      1   
intt   0  2                  11      0      6      0      0      0   38814   9409     97      1   
 jpc   0 14                  12      0      5      0      0      0   38814   9409     97      1   
intt   0  2                  13      0      7      0      0      0   38814   9409     97      1   
 jmp   0  5                   5      0      7      0      0      0   38814   9409     97      1   
 opr   0  3                   6      0      6      0      0      0   38814   9409     96      1   
 sto   0  5                   7      0      5      0      0      0   38814     96     96      1   
intt   0  1                   8      0      6      0      0      0   38814     96     96      1   
 opr   0  4                   9      0      5      0      0      0   38814   9216     96      1   
 opr   0  2                  10      0      4      0      0      0   48030   9216     96      1   
intt   0  2                  11      0      6      0      0      0   48030   9216     96      1   
 jpc   0 14                  12      0      5      0      0      0   48030   9216     96      1   
intt   0  2                  13      0      7      0      0      0   48030   9216     96      1   
 jmp   0  5                   5      0      7      0      0      0   48030   9216     96      1   
 opr   0  3                   6      0      6      0      0      0   48030   9216     95      1   
 sto   0  5                   7      0      5      0      0      0   48030     95     95      1   
intt   0  1                   8      0      6      0      0      0   48030     95     95      1   
 opr   0  4                   9      0      5      0      0      0   48030   9025     95      1   
 opr   0  2                  10      0      4      0      0      0   57055   9025     95      1   
intt   0  2                  11      0      6      0      0      0   57055   9025     95      1   
 jpc   0 14                  12      0      5      0      0      0   57055   9025     95      1   
intt   0  2                  13      0      7      0      0      0   57055   9025     95      1   
 jmp   0  5                   5      0      7      0      0      0   57055   9025     95      1   
 opr   0  3                   6      0      6      0      0      0   57055   9025     94      1   
 sto   0  5                   7      0      5      0      0      0   57055     94     94      1   
intt   0  1                   8      0      6      0      0      0   57055     94     94      1   
 opr   0  4                   9      0      5      0      0      0   57055   8836     94      1   
 opr   0  2                  10      0      4      0      0      0   65891   8836     94      1   
intt   0  2                  11      0      6      0      0      0   65891   8836     94      1   
 jpc   0 14                  12      0      5      0      0      0   65891   8836     94      1   
intt   0  2                  13      0      7      0      0      0   65891   8836     94      1   
 jmp   0  5                   5      0      7      0      0      0   65891   8836     94      1   
 opr   0  3                   6      0      6      0      0      0   65891   8836     93      1   
 sto   0  5                   7      0      5      0      0      0   65891     93     93      1   
intt   0  1                   8      0      6      0      0      0   65891     93     93      1   
 opr   0  4                   9      0      5      0      0      0   65891   8649     93      1   
 opr   0  2                  10      0      4      0      0      0   74540   8649     93      1   
intt   0  2                  11      0      6      0      0      0   74540   8649     93      1   
 jpc   0 14                  12      0      5      0      0      0   74540   8649     93      1   
intt   0  2                  13      0      7      0      0      0   74540   8649     93      1   
 jmp   0  5                   5      0      7      0      0      0   74540   8649     93      1   
 opr   0  3                   6      0      6      0      0      0   74540   8649     92      1   
 sto   0  5                   7      0      5      0      0      0   74540     92     92      1   
intt   0  1                   8      0      6      0      0      0   74540     92     92      1   
 opr   0  4                   9      0      5      0      0      0   74540   8464     92      1   
 opr   0  2                  10      0      4      0      0      0   83004   8464     92      1   
intt   0  2                  11      0      6      0      0      0   83004   8464     92      1   
 jpc   0 14                  12      0      5      0      0      0   83004   8464     92      1   
intt   0  2                  13      0      7      0      0      0   83004   8464     92      1   
 jmp   0  5                   5      0      7      0      0      0   83004   8464     92      1   
 opr   0  3                   6      0      6      0      0      0   83004   8464     91      1   
 sto   0  5                   7      0      5      0      0      0   83004     91     91      1   
intt   0  1                   8      0      6      0      0      0   83004     91     91      1   
 opr   0  4                   9      0      5      0      0      0   83004   8281     91      1   
 opr   0  2                  10      0      4      0      0      0   91285   8281     91      1   
intt   0  2                  11      0      6      0      0      0   91285   8281     91      1   
 jpc   0 14                  12      0      5      0      0      0   91285   8281     91      1   
intt   0  2                  13      0      7      0      0      0   91285   8281     91      1   
 jmp   0  5                   5      0      7      0      0      0   91285   8281     91      1   
 opr   0  3                   6      0      6      0      0      0   91285   8281     90      1   
 sto   0  5                   7      0      5      0      0      0   91285     90     90      1   
intt   0  1                   8      0      6      0      0      0   91285     90     90      1   
 opr   0  4                   9      0      5      0      0      0   91285   8100     90      1   
 opr   0  2                  10      0      4      0      0      0   99385   8100     90      1   
intt   0  2                  11      0      6      0      0      0   99385   8100     90      1   
 jpc   0 14                  12      0      5      0      0      0   99385   8100     90      1   
intt   0  2                  13      0      7      0      0      0   99385   8100     90      1   
 jmp   0  5                   5      0      7      0      0      0   99385   8100     90      1   
 opr   0  3                   6      0      6      0      0      0   99385   8100     89      1   
 sto   0  5                   7      0      5      0      0      0   99385     89     89      1   
intt   0  1                   8      0      6      0      0      0   99385     89     89      1   
 opr   0  4                   9      0      5      0      0      0   99385   7921     89      1   
 opr   0  2                  10      0      4      0      0      0   107306   7921     89      1   
intt   0  2                  11      0      6      0      0      0   107306   7921     89      1   
 jpc   0 14                  12      0      5      0      0      0   107306   7921     89      1   
intt   0  2                  13      0      7      0      0      0   107306   7921     89      1   
 jmp   0  5                   5      0      7      0      0      0   107306   7921     89      1   
 opr   0  3                   6      0      6      0      0      0   107306   7921     88      1   
 sto   0  5                   7      0      5      0      0      0   107306     88     88      1   
intt   0  1                   8      0      6      0      0      0   107306     88     88      1   
 opr   0  4                   9      0      5      0      0      0   107306   7744     88      1   
 opr   0  2                  10      0      4      0      0      0   115050   7744     88      1   
intt   0  2                  11      0      6      0      0      0   115050   7744     88      1   
 jpc   0 14                  12      0      5      0      0      0   115050   7744     88      1   
intt   0  2                  13      0      7      0      0      0   115050   7744     88      1   
 jmp   0  5                   5      0      7      0      0      0   115050   7744     88      1   
 opr   0  3                   6      0      6      0      0      0   115050   7744     87      1   
 sto   0  5                   7      0      5      0      0      0   115050     87     87      1   
intt   0  1                   8      0      6      0      0      0   115050     87     87      1   
 opr   0  4                   9      0      5      0      0      0   115050   7569     87      1   
 opr   0  2                  10      0      4      0      0      0   122619   7569     87      1   
intt   0  2                  11      0      6      0      0      0   122619   7569     87      1   
 jpc   0 14                  12      0      5      0      0      0   122619   7569     87      1   
intt   0  2                  13      0      7      0      0      0   122619   7569     87      1   
 jmp   0  5                   5      0      7      0      0      0   122619   7569     87      1   
 opr   0  3                   6      0      6      0      0      0   122619   7569     86      1   
 sto   0  5                   7      0      5      0      0      0   122619     86     86      1   
intt   0  1                   8      0      6      0      0      0   122619     86     86      1   
 opr   0  4                   9      0      5      0      0      0   122619   7396     86      1   
 opr   0  2                  10      0      4      0      0      0   130015   7396     86      1   
intt   0  2                  11      0      6      0      0      0   130015   7396     86      1   
 jpc   0 14                  12      0      5      0      0      0   130015   7396     86      1   
intt   0  2                  13      0      7      0      0      0   130015   7396     86      1   
 jmp   0  5                   5      0      7      0      0      0   130015   7396     86      1   
 opr   0  3                   6      0      6      0      0      0   130015   7396     85      1   
 sto   0  5                   7      0      5      0      0      0   130015     85     85      1   
intt   0  1                   8      0      6      0      0      0   130015     85     85      1   
 opr   0  4                   9      0      5      0      0      0   130015   7225     85      1   
 opr   0  2                  10      0      4      0      0      0   137240   7225     85      1   
intt   0  2                  11      0      6      0      0      0   137240   7225     85      1   
 jpc   0 14                  12      0      5      0      0      0   137240   7225     85      1   
intt   0  2                  13      0      7      0      0      0   137240   7225     85      1   
 jmp   0  5                   5      0      7      0      0      0   137240   7225     85      1   
 opr   0  3                   6      0      6      0      0      0   137240   7225     84      1   
 sto   0  5                   7      0      5      0      0      0   137240     84     84      1   
intt   0  1                   8      0      6      0      0      0   137240     84     84      1   
 opr   0  4                   9      0      5      0      0      0   137240   7056     84      1   
 opr   0  2                  10      0      4      0      0      0   144296   7056     84      1   
intt   0  2                  11      0      6      0      0      0   144296   7056     84      1   
 jpc   0 14                  12      0      5      0      0      0   144296   7056     84      1   
intt   0  2                  13      0      7      0      0      0   144296   7056     84      1   
 jmp   0  5                   5      0      7      0      0      0   144296   7056     84      1   
 opr   0  3                   6      0      6      0      0      0   144296   7056     83      1   
 sto   0  5                   7      0      5      0      0      0   144296     83     83      1   
intt   0  1                   8      0      6      0      0      0   144296     83     83      1   
 opr   0  4                   9      0      5      0      0      0   144296   6889     83      1   
 opr   0  2                  10      0      4      0      0      0   151185   6889     83      1   
intt   0  2                  11      0      6      0      0      0   151185   6889     83      1   
 jpc   0 14                  12      0      5      0      0      0   151185   6889     83      1   
intt   0  2                  13      0      7      0      0      0   151185   6889     83      1   
 jmp   0  5                   5      0      7      0      0      0   151185   6889     83      1   
 opr   0  3                   6      0      6      0      0      0   151185   6889     82      1   
 sto   0  5                   7      0      5      0      0      0   151185     82     82      1   
intt   0  1                   8      0      6      0      0      0   151185     82     82      1   
 opr   0  4                   9      0      5      0      0      0   151185   6724     82      1   
 opr   0  2                  10      0      4      0      0      0   157909   6724     82      1   
intt   0  2                  11      0      6      0      0      0   157909   6724     82      1   
 jpc   0 14                  12      0      5      0      0      0   157909   6724     82      1   
intt   0  2                  13      0      7      0      0      0   157909   6724     82      1   
 jmp   0  5                   5      0      7      0      0      0   157909   6724     82      1   
 opr   0  3                   6      0      6      0      0      0   157909   6724     81      1   
 sto   0  5                   7      0      5      0      0      0   157909     81     81      1   
intt   0  1                   8      0      6      0      0      0   157909     81     81      1   
 opr   0  4                   9      0      5      0      0      0   157909   6561     81      1   
 opr   0  2                  10      0      4      0      0      0   164470   6561     81      1   
intt   0  2                  11      0      6      0      0      0   164470   6561     81      1   
 jpc   0 14                  12      0      5      0      0      0   164470   6561     81      1   
intt   0  2                  13      0      7      0      0      0   164470   6561     81      1   
 jmp   0  5                   5      0      7      0      0      0   164470   6561     81      1   
 opr   0  3                   6      0      6      0      0      0   164470   6561     80      1   
 sto   0  5                   7      0      5      0      0      0   164470     80     80      1   
intt   0  1                   8      0      6      0      0      0   164470     80     80      1   
 opr   0  4                   9      0      5      0      0      0   164470   6400     80      1   
 opr   0  2                  10      0      4      0      0      0   170870   6400     80      1   
intt   0  2                  11      0      6      0      0      0   170870   6400     80      1   
 jpc   0 14                  12      0      5      0      0      0   170870   6400     80      1   
intt   0  2                  13      0      7      0      0      0   170870   6400     80      1   
 jmp   0  5                   5      0      7      0      0      0   170870   6400     80      1   
 opr   0  3                   6      0      6      0      0      0   170870   6400     79      1   
 sto   0  5                   7      0      5      0      0      0   170870     79     79      1   
intt   0  1                   8      0      6      0      0      0   170870     79     79      1   
 opr   0  4                   9      0      5      0      0      0   170870   6241     79      1   
 opr   0  2                  10      0      4      0      0      0   177111   6241     79      1   
intt   0  2                  11      0      6      0      0      0   177111   6241     79      1   
 jpc   0 14                  12      0      5      0      0      0   177111   6241     79      1   
intt   0  2                  13      0      7      0      0      0   177111   6241     79      1   
 jmp   0  5                   5      0      7      0      0      0   177111   6241     79      1   
 opr   0  3                   6      0      6      0      0      0   177111   6241     78      1   
 sto   0  5                   7      0      5      0      0      0   177111     78     78      1   
intt   0  1                   8      0      6      0      0      0   177111     78     78      1   
 opr   0  4                   9      0      5      0      0      0   177111   6084     78      1   
 opr   0  2                  10      0      4      0      0      0   183195   6084     78      1   
intt   0  2                  11      0      6      0      0      0   183195   6084     78      1   
 jpc   0 14                  12      0      5      0      0      0   183195   6084     78      1   
intt   0  2                  13      0      7      0      0      0   183195   6084     78      1   
 jmp   0  5                   5      0      7      0      0      0   183195   6084     78      1   
 opr   0  3                   6      0      6      0      0      0   183195   6084     77      1   
 sto   0  5                   7      0      5      0      0      0   183195     77     77      1   
intt   0  1                   8      0      6      0      0      0   183195     77     77      1   
 opr   0  4                   9      0      5      0      0      0   183195   5929     77      1   
 opr   0  2                  10      0      4      0      0      0   189124   5929     77      1   
intt   0  2                  11      0      6      0      0      0   189124   5929     77      1   
 jpc   0 14                  12      0      5      0      0      0   189124   5929     77      1   
intt   0  2                  13      0      7      0      0      0   189124   5929     77      1   
 jmp   0  5                   5      0      7      0      0      0   189124   5929     77      1   
 opr   0  3                   6      0      6      0      0      0   189124   5929     76      1   
 sto   0  5                   7      0      5      0      0      0   189124     76     76      1   
intt   0  1                   8      0      6      0      0      0   189124     76     76      1   
 opr   0  4                   9      0      5      0      0      0   189124   5776     76      1   
 opr   0  2                  10      0      4      0      0      0   194900   5776     76      1   
intt   0  2                  11      0      6      0      0      0   194900   5776     76      1   
 jpc   0 14                  12      0      5      0      0      0   194900   5776     76      1   
intt   0  2                  13      0      7      0      0      0   194900   5776     76      1   
 jmp   0  5                   5      0      7      0      0      0   194900   5776     76      1   
 opr   0  3                   6      0      6      0      0      0   194900   5776     75      1   
 sto   0  5                   7      0      5      0      0      0   194900     75     75      1   
intt   0  1                   8      0      6      0      0      0   194900     75     75      1   
 opr   0  4                   9      0      5      0      0      0   194900   5625     75      1   
 opr   0  2                  10      0      4      0      0      0   200525   5625     75      1   
intt   0  2                  11      0      6      0      0      0   200525   5625     75      1   
 jpc   0 14                  12      0      5      0      0      0   200525   5625     75      1   
intt   0  2                  13      0      7      0      0      0   200525   5625     75      1   
 jmp   0  5                   5      0      7      0      0      0   200525   5625     75      1   
 opr   0  3                   6      0      6      0      0      0   200525   5625     74      1   
 sto   0  5                   7      0      5      0      0      0   200525     74     74      1   
intt   0  1                   8      0      6      0      0      0   200525     74     74      1   
 opr   0  4                   9      0      5      0      0      0   200525   5476     74      1   
 opr   0  2                  10      0      4      0      0      0   206001   5476     74      1   
intt   0  2                  11      0      6      0      0      0   206001   5476     74      1   
 jpc   0 14                  12      0      5      0      0      0   206001   5476     74      1   
intt   0  2                  13      0      7      0      0      0   206001   5476     74      1   
 jmp   0  5                   5      0      7      0      0      0   206001   5476     74      1   
 opr   0  3                   6      0      6      0      0      0   206001   5476     73      1   
 sto   0  5                   7      0      5      0      0      0   206001     73     73      1   
intt   0  1                   8      0      6      0      0      0   206001     73     73      1   
 opr   0  4                   9      0      5      0      0      0   206001   5329     73      1   
 opr   0  2                  10      0      4      0      0      0   211330   5329     73      1   
intt   0  2                  11      0      6      0      0      0   211330   5329     73      1   
 jpc   0 14                  12      0      5      0      0      0   211330   5329     73      1   
intt   0  2                  13      0      7      0      0      0   211330   5329     73      1   
 jmp   0  5                   5      0      7      0      0      0   211330   5329     73      1   
 opr   0  3                   6      0      6      0      0      0   211330   5329     72      1   
 sto   0  5                   7      0      5      0      0      0   211330     72     72      1   
intt   0  1                   8      0      6      0      0      0   211330     72     72      1   
 opr   0  4                   9      0      5      0      0      0   211330   5184     72      1   
 opr   0  2                  10      0      4      0      0      0   216514   5184     72      1   
intt   0  2                  11      0      6      0      0      0   216514   5184     72      1   
 jpc   0 14                  12      0      5      0      0      0   216514   5184     72      1   
intt   0  2                  13      0      7      0      0      0   216514   5184     72      1   
 jmp   0  5                   5      0      7      0      0      0   216514   5184     72      1   
 opr   0  3                   6      0      6      0      0      0   216514   5184     71      1   
 sto   0  5                   7      0      5      0      0      0   216514     71     71      1   
intt   0  1                   8      0      6      0      0      0   216514     71     71      1   
 opr   0  4                   9      0      5      0      0      0   216514   5041     71      1   
 opr   0  2                  10      0      4      0      0      0   221555   5041     71      1   
intt   0  2                  11      0      6      0      0      0   221555   5041     71      1   
 jpc   0 14                  12      0      5      0      0      0   221555   5041     71      1   
intt   0  2                  13      0      7      0      0      0   221555   5041     71      1   
 jmp   0  5                   5      0      7      0      0      0   221555   5041     71      1   
 opr   0  3                   6      0      6      0      0      0   221555   5041     70      1   
 sto   0  5                   7      0      5      0      0      0   221555     70     70      1   
intt   0  1                   8      0      6      0      0      0   221555     70     70      1   
 opr   0  4                   9      0      5      0      0      0   221555   4900     70      1   
 opr   0  2                  10      0      4      0      0      0   226455   4900     70      1   
intt   0  2                  11      0      6      0      0      0   226455   4900     70      1   
 jpc   0 14                  12      0      5      0      0      0   226455   4900     70      1   
intt   0  2                  13      0      7      0      0      0   226455   4900     70      1   
 jmp   0  5                   5      0      7      0      0      0   226455   4900     70      1   
 opr   0  3                   6      0      6      0      0      0   226455   4900     69      1   
 sto   0  5                   7      0      5      0      0      0   226455     69     69      1   
intt   0  1                   8      0      6      0      0      0   226455     69     69      1   
 opr   0  4                   9      0      5      0      0      0   226455   4761     69      1   
 opr   0  2                  10      0      4      0      0      0   231216   4761     69      1   
intt   0  2                  11      0      6      0      0      0   231216   4761     69      1   
 jpc   0 14                  12      0      5      0      0      0   231216   4761     69      1   
intt   0  2                  13      0      7      0      0      0   231216   4761     69      1   
 jmp   0  5                   5      0      7      0      0      0   231216   4761     69      1   
 opr   0  3                   6      0      6      0      0      0   231216   4761     68      1   
 sto   0  5                   7      0      5      0      0      0   231216     68     68      1   
intt   0  1                   8      0      6      0      0      0   231216     68     68      1   
 opr   0  4                   9      0      5      0      0      0   231216   4624     68      1   
 opr   0  2                  10      0      4      0      0      0   235840   4624     68      1   
intt   0  2                  11      0      6      0      0      0   235840   4624     68      1   
 jpc   0 14                  12      0      5      0      0      0   235840   4624     68      1   
intt   0  2                  13      0      7      0      0      0   235840   4624     68      1   
 jmp   0  5                   5      0      7      0      0      0   235840   4624     68      1   
 opr   0  3                   6      0      6      0      0      0   235840   4624     67      1   
 sto   0  5                   7      0      5      0      0      0   235840     67     67      1   
intt   0  1                   8      0      6      0      0      0   235840     67     67      1   
 opr   0  4                   9      0      5      0      0      0   235840   4489     67      1   
 opr   0  2                  10      0      4      0      0      0   240329   4489     67      1   
intt   0  2                  11      0      6      0      0      0   240329   4489     67      1   
 jpc   0 14                  12      0      5      0      0      0   240329   4489     67      1   
intt   0  2                  13      0      7      0      0      0   240329   4489     67      1   
 jmp   0  5                   5      0      7      0      0      0   240329   4489     67      1   
 opr   0  3                   6      0      6      0      0      0   240329   4489     66      1   
 sto   0  5                   7      0      5      0      0      0   240329     66     66      1   
intt   0  1                   8      0      6      0      0      0   240329     66     66      1   
 opr   0  4                   9      0      5      0      0      0   240329   4356     66      1   
 opr   0  2                  10      0      4      0      0      0   244685   4356     66      1   
intt   0  2                  11      0      6      0      0      0   244685   4356     66      1   
 jpc   0 14                  12      0      5      0      0      0   244685   4356     66      1   
intt   0  2                  13      0      7      0      0      0   244685   4356     66      1   
 jmp   0  5                   5      0      7      0      0      0   244685   4356     66      1   
 opr   0  3                   6      0      6      0      0      0   244685   4356     65      1   
 sto   0  5                   7      0      5      0      0      0   244685     65     65      1   
intt   0  1                   8      0      6      0      0      0   244685     65     65      1   
 opr   0  4                   9      0      5      0      0      0   244685   4225     65      1   
 opr   0  2                  10      0      4      0      0      0   248910   4225     65      1   
intt   0  2                  11      0      6      0      0      0   248910   4225     65      1   
 jpc   0 14                  12      0      5      0      0      0   248910   4225     65      1   
intt   0  2                  13      0      7      0      0      0   248910   4225     65      1   
 jmp   0  5                   5      0      7      0      0      0   248910   4225     65      1   
 opr   0  3                   6      0      6      0      0      0   248910   4225     64      1   
 sto   0  5                   7      0      5      0      0      0   248910     64     64      1   
intt   0  1                   8      0      6      0      0      0   248910     64     64      1   
 opr   0  4                   9      0      5      0      0      0   248910   4096     64      1   
 opr   0  2                  10      0      4      0      0      0   253006   4096     64      1   
intt   0  2                  11      0      6      0      0      0   253006   4096     64      1   
 jpc   0 14                  12      0      5      0      0      0   253006   4096     64      1   
intt   0  2                  13      0      7      0      0      0   253006   4096     64      1   
 jmp   0  5                   5      0      7      0      0      0   253006   4096     64      1   
 opr   0  3                   6      0      6      0      0      0   253006   4096     63      1   
 sto   0  5                   7      0      5      0      0      0   253006     63     63      1   
intt   0  1                   8      0      6      0      0      0   253006     63     63      1   
 opr   0  4                   9      0      5      0      0      0   253006   3969     63      1   
 opr   0  2                  10      0      4      0      0      0   256975   3969     63      1   
intt   0  2                  11      0      6      0      0      0   256975   3969     63      1   
 jpc   0 14                  12      0      5      0      0      0   256975   3969     63      1   
intt   0  2                  13      0      7      0      0      0   256975   3969     63      1   
 jmp   0  5                   5      0      7      0      0      0   256975   3969     63      1   
 opr   0  3                   6      0      6      0      0      0   256975   3969     62      1   
 sto   0  5                   7      0      5      0      0      0   256975     62     62      1   
intt   0  1                   8      0      6      0      0      0   256975     62     62      1   
 opr   0  4                   9      0      5      0      0      0   256975   3844     62      1   
 opr   0  2                  10      0      4      0      0      0   260819   3844     62      1   
intt   0  2                  11      0      6      0      0      0   260819   3844     62      1   
 jpc   0 14                  12      0      5      0      0      0   260819   3844     62      1   
intt   0  2                  13      0      7      0      0      0   260819   3844     62      1   
 jmp   0  5                   5      0      7      0      0      0   260819   3844     62      1   
 opr   0  3                   6      0      6      0      0      0   260819   3844     61      1   
 sto   0  5                   7      0      5      0      0      0   260819     61     61      1   
intt   0  1                   8      0      6      0      0      0   260819     61     61      1   
 opr   0  4                   9      0      5      0      0      0   260819   3721     61      1   
 opr   0  2                  10      0      4      0      0      0   264540   3721     61      1   
intt   0  2                  11      0      6      0      0      0   264540   3721     61      1   
 jpc   0 14                  12      0      5      0      0      0   264540   3721     61      1   
intt   0  2                  13      0      7      0      0      0   264540   3721     61      1   
 jmp   0  5                   5      0      7      0      0      0   264540   3721     61      1   
 opr   0  3                   6      0      6      0      0      0   264540   3721     60      1   
 sto   0  5                   7      0      5      0      0      0   264540     60     60      1   
intt   0  1                   8      0      6      0      0      0   264540     60     60      1   
 opr   0  4                   9      0      5      0      0      0   264540   3600     60      1   
 opr   0  2                  10      0      4      0      0      0   268140   3600     60      1   
intt   0  2                  11      0      6      0      0      0   268140   3600     60      1   
 jpc   0 14                  12      0      5      0      0      0   268140   3600     60      1   
intt   0  2                  13      0      7      0      0      0   268140   3600     60      1   
 jmp   0  5                   5      0      7      0      0      0   268140   3600     60      1   
 opr   0  3                   6      0      6      0      0      0   268140   3600     59      1   
 sto   0  5                   7      0      5      0      0      0   268140     59     59      1   
intt   0  1                   8      0      6      0      0      0   268140     59     59      1   
 opr   0  4                   9      0      5      0      0      0   268140   3481     59      1   
 opr   0  2                  10      0      4      0      0      0   271621   3481     59      1   
intt   0  2                  11      0      6      0      0      0   271621   3481     59      1   
 jpc   0 14                  12      0      5      0      0      0   271621   3481     59      1   
intt   0  2                  13      0      7      0      0      0   271621   3481     59      1   
 jmp   0  5                   5      0      7      0      0      0   271621   3481     59      1   
 opr   0  3                   6      0      6      0      0      0   271621   3481     58      1   
 sto   0  5                   7      0      5      0      0      0   271621     58     58      1   
intt   0  1                   8      0      6      0      0      0   271621     58     58      1   
 opr   0  4                   9      0      5      0      0      0   271621   3364     58      1   
 opr   0  2                  10      0      4      0      0      0   274985   3364     58      1   
intt   0  2                  11      0      6      0      0      0   274985   3364     58      1   
 jpc   0 14                  12      0      5      0      0      0   274985   3364     58      1   
intt   0  2                  13      0      7      0      0      0   274985   3364     58      1   
 jmp   0  5                   5      0      7      0      0      0   274985   3364     58      1   
 opr   0  3                   6      0      6      0      0      0   274985   3364     57      1   
 sto   0  5                   7      0      5      0      0      0   274985     57     57      1   
intt   0  1                   8      0      6      0      0      0   274985     57     57      1   
 opr   0  4                   9      0      5      0      0      0   274985   3249     57      1   
 opr   0  2                  10      0      4      0      0      0   278234   3249     57      1   
intt   0  2                  11      0      6      0      0      0   278234   3249     57      1   
 jpc   0 14                  12      0      5      0      0      0   278234   3249     57      1   
intt   0  2                  13      0      7      0      0      0   278234   3249     57      1   
 jmp   0  5                   5      0      7      0      0      0   278234   3249     57      1   
 opr   0  3                   6      0      6      0      0      0   278234   3249     56      1   
 sto   0  5                   7      0      5      0      0      0   278234     56     56      1   
intt   0  1                   8      0      6      0      0      0   278234     56     56      1   
 opr   0  4                   9      0      5      0      0      0   278234   3136     56      1   
 opr   0  2                  10      0      4      0      0      0   281370   3136     56      1   
intt   0  2                  11      0      6      0      0      0   281370   3136     56      1   
 jpc   0 14                  12      0      5      0      0      0   281370   3136     56      1   
intt   0  2                  13      0      7      0      0      0   281370   3136     56      1   
 jmp   0  5                   5      0      7      0      0      0   281370   3136     56      1   
 opr   0  3                   6      0      6      0      0      0   281370   3136     55      1   
 sto   0  5                   7      0      5      0      0      0   281370     55     55      1   
intt   0  1                   8      0      6      0      0      0   281370     55     55      1   
 opr   0  4                   9      0      5      0      0      0   281370   3025     55      1   
 opr   0  2                  10      0      4      0      0      0   284395   3025     55      1   
intt   0  2                  11      0      6      0      0      0   284395   3025     55      1   
 jpc   0 14                  12      0      5      0      0      0   284395   3025     55      1   
intt   0  2                  13      0      7      0      0      0   284395   3025     55      1   
 jmp   0  5                   5      0      7      0      0      0   284395   3025     55      1   
 opr   0  3                   6      0      6      0      0      0   284395   3025     54      1   
 sto   0  5                   7      0      5      0      0      0   284395     54     54      1   
intt   0  1                   8      0      6      0      0      0   284395     54     54      1   
 opr   0  4                   9      0      5      0      0      0   284395   2916     54      1   
 opr   0  2                  10      0      4      0      0      0   287311   2916     54      1   
intt   0  2                  11      0      6      0      0      0   287311   2916     54      1   
 jpc   0 14                  12      0      5      0      0      0   287311   2916     54      1   
intt   0  2                  13      0      7      0      0      0   287311   2916     54      1   
 jmp   0  5                   5      0      7      0      0      0   287311   2916     54      1   
 opr   0  3                   6      0      6      0      0      0   287311   2916     53      1   
 sto   0  5                   7      0      5      0      0      0   287311     53     53      1   
intt   0  1                   8      0      6      0      0      0   287311     53     53      1   
 opr   0  4                   9      0      5      0      0      0   287311   2809     53      1   
 opr   0  2                  10      0      4      0      0      0   290120   2809     53      1   
intt   0  2                  11      0      6      0      0      0   290120   2809     53      1   
 jpc   0 14                  12      0      5      0      0      0   290120   2809     53      1   
intt   0  2                  13      0      7      0      0      0   290120   2809     53      1   
 jmp   0  5                   5      0      7      0      0      0   290120   2809     53      1   
 opr   0  3                   6      0      6      0      0      0   290120   2809     52      1   
 sto   0  5                   7      0      5      0      0      0   290120     52     52      1   
intt   0  1                   8      0      6      0      0      0   290120     52     52      1   
 opr   0  4                   9      0      5      0      0      0   290120   2704     52      1   
 opr   0  2                  10      0      4      0      0      0   292824   2704     52      1   
intt   0  2                  11      0      6      0      0      0   292824   2704     52      1   
 jpc   0 14                  12      0      5      0      0      0   292824   2704     52      1   
intt   0  2                  13      0      7      0      0      0   292824   2704     52      1   
 jmp   0  5                   5      0      7      0      0      0   292824   2704     52      1   
 opr   0  3                   6      0      6      0      0      0   292824   2704     51      1   
 sto   0  5                   7      0      5      0      0      0   292824     51     51      1   
intt   0  1                   8      0      6      0      0      0   292824     51     51      1   
 opr   0  4                   9      0      5      0      0      0   292824   2601     51      1   
 opr   0  2                  10      0      4      0      0      0   295425   2601     51      1   
intt   0  2                  11      0      6      0      0      0   295425   2601     51      1   
 jpc   0 14                  12      0      5      0      0      0   295425   2601     51      1   
intt   0  2                  13      0      7      0      0      0   295425   2601     51      1   
 jmp   0  5                   5      0      7      0      0      0   295425   2601     51      1   
 opr   0  3                   6      0      6      0      0      0   295425   2601     50      1   
 sto   0  5                   7      0      5      0      0      0   295425     50     50      1   
intt   0  1                   8      0      6      0      0      0   295425     50     50      1   
 opr   0  4                   9      0      5      0      0      0   295425   2500     50      1   
 opr   0  2                  10      0      4      0      0      0   297925   2500     50      1   
intt   0  2                  11      0      6      0      0      0   297925   2500     50      1   
 jpc   0 14                  12      0      5      0      0      0   297925   2500     50      1   
intt   0  2                  13      0      7      0      0      0   297925   2500     50      1   
 jmp   0  5                   5      0      7      0      0      0   297925   2500     50      1   
 opr   0  3                   6      0      6      0      0      0   297925   2500     49      1   
 sto   0  5                   7      0      5      0      0      0   297925     49     49      1   
intt   0  1                   8      0      6      0      0      0   297925     49     49      1   
 opr   0  4                   9      0      5      0      0      0   297925   2401     49      1   
 opr   0  2                  10      0      4      0      0      0   300326   2401     49      1   
intt   0  2                  11      0      6      0      0      0   300326   2401     49      1   
 jpc   0 14                  12      0      5      0      0      0   300326   2401     49      1   
intt   0  2                  13      0      7      0      0      0   300326   2401     49      1   
 jmp   0  5                   5      0      7      0      0      0   300326   2401     49      1   
 opr   0  3                   6      0      6      0      0      0   300326   2401     48      1   
 sto   0  5                   7      0      5      0      0      0   300326     48     48      1   
intt   0  1                   8      0      6      0      0      0   300326     48     48      1   
 opr   0  4                   9      0      5      0      0      0   300326   2304     48      1   
 opr   0  2                  10      0      4      0      0      0   302630   2304     48      1   
intt   0  2                  11      0      6      0      0      0   302630   2304     48      1   
 jpc   0 14                  12      0      5      0      0      0   302630   2304     48      1   
intt   0  2                  13      0      7      0      0      0   302630   2304     48      1   
 jmp   0  5                   5      0      7      0      0      0   302630   2304     48      1   
 opr   0  3                   6      0      6      0      0      0   302630   2304     47      1   
 sto   0  5                   7      0      5      0      0      0   302630     47     47      1   
intt   0  1                   8      0      6      0      0      0   302630     47     47      1   
 opr   0  4                   9      0      5      0      0      0   302630   2209     47      1   
 opr   0  2                  10      0      4      0      0      0   304839   2209     47      1   
intt   0  2                  11      0      6      0      0      0   304839   2209     47      1   
 jpc   0 14                  12      0      5      0      0      0   304839   2209     47      1   
intt   0  2                  13      0      7      0      0      0   304839   2209     47      1   
 jmp   0  5                   5      0      7      0      0      0   304839   2209     47      1   
 opr   0  3                   6      0      6      0      0      0   304839   2209     46      1   
 sto   0  5                   7      0      5      0      0      0   304839     46     46      1   
intt   0  1                   8      0      6      0      0      0   304839     46     46      1   
 opr   0  4                   9      0      5      0      0      0   304839   2116     46      1   
 opr   0  2                  10      0      4      0      0      0   306955   2116     46      1   
intt   0  2                  11      0      6      0      0      0   306955   2116     46      1   
 jpc   0 14                  12      0      5      0      0      0   306955   2116     46      1   
intt   0  2                  13      0      7      0      0      0   306955   2116     46      1   
 jmp   0  5                   5      0      7      0      0      0   306955   2116     46      1   
 opr   0  3                   6      0      6      0      0      0   306955   2116     45      1   
 sto   0  5                   7      0      5      0      0      0   306955     45     45      1   
intt   0  1                   8      0      6      0      0      0   306955     45     45      1   
 opr   0  4                   9      0      5      0      0      0   306955   2025     45      1   
 opr   0  2                  10      0      4      0      0      0   308980   2025     45      1   
intt   0  2                  11      0      6      0      0      0   308980   2025     45      1   
 jpc   0 14                  12      0      5      0      0      0   308980   2025     45      1   
intt   0  2                  13      0      7      0      0      0   308980   2025     45      1   
 jmp   0  5                   5      0      7      0      0      0   308980   2025     45      1   
 opr   0  3                   6      0      6      0      0      0   308980   2025     44      1   
 sto   0  5                   7      0      5      0      0      0   308980     44     44      1   
intt   0  1                   8      0      6      0      0      0   308980     44     44      1   
 opr   0  4                   9      0      5      0      0      0   308980   1936     44      1   
 opr   0  2                  10      0      4      0      0      0   310916   1936     44      1   
intt   0  2                  11      0      6      0      0      0   310916   1936     44      1   
 jpc   0 14                  12      0      5      0      0      0   310916   1936     44      1   
intt   0  2                  13      0      7      0      0      0   310916   1936     44      1   
 jmp   0  5                   5      0      7      0      0      0   310916   1936     44      1   
 opr   0  3                   6      0      6      0      0      0   310916   1936     43      1   
 sto   0  5                   7      0      5      0      0      0   310916     43     43      1   
intt   0  1                   8      0      6      0      0      0   310916     43     43      1   
 opr   0  4                   9      0      5      0      0      0   310916   1849     43      1   
 opr   0  2                  10      0      4      0      0      0   312765   1849     43      1   
intt   0  2                  11      0      6      0      0      0   312765   1849     43      1   
 jpc   0 14                  12      0      5      0      0      0   312765   1849     43      1   
intt   0  2                  13      0      7      0      0      0   312765   1849     43      1   
 jmp   0  5                   5      0      7      0      0      0   312765   1849     43      1   
 opr   0  3                   6      0      6      0      0      0   312765   1849     42      1   
 sto   0  5                   7      0      5      0      0      0   312765     42     42      1   
intt   0  1                   8      0      6      0      0      0   312765     42     42      1   
 opr   0  4                   9      0      5      0      0      0   312765   1764     42      1   
 opr   0  2                  10      0      4      0      0      0   314529   1764     42      1   
intt   0  2                  11      0      6      0      0      0   314529   1764     42      1   
 jpc   0 14                  12      0      5      0      0      0   314529   1764     42      1   
intt   0  2                  13      0      7      0      0      0   314529   1764     42      1   
 jmp   0  5                   5      0      7      0      0      0   314529   1764     42      1   
 opr   0  3                   6      0      6      0      0      0   314529   1764     41      1   
 sto   0  5                   7      0      5      0      0      0   314529     41     41      1   
intt   0  1                   8      0      6      0      0      0   314529     41     41      1   
 opr   0  4                   9      0      5      0      0      0   314529   1681     41      1   
 opr   0  2                  10      0      4      0      0      0   316210   1681     41      1   
intt   0  2                  11      0      6      0      0      0   316210   1681     41      1   
 jpc   0 14                  12      0      5      0      0      0   316210   1681     41      1   
intt   0  2                  13      0      7      0      0      0   316210   1681     41      1   
 jmp   0  5                   5      0      7      0      0      0   316210   1681     41      1   
 opr   0  3                   6      0      6      0      0      0   316210   1681     40      1   
 sto   0  5                   7      0      5      0      0      0   316210     40     40      1   
intt   0  1                   8      0      6      0      0      0   316210     40     40      1   
 opr   0  4                   9      0      5      0      0      0   316210   1600     40      1   
 opr   0  2                  10      0      4      0      0      0   317810   1600     40      1   
intt   0  2                  11      0      6      0      0      0   317810   1600     40      1   
 jpc   0 14                  12      0      5      0      0      0   317810   1600     40      1   
intt   0  2                  13      0      7      0      0      0   317810   1600     40      1   
 jmp   0  5                   5      0      7      0      0      0   317810   1600     40      1   
 opr   0  3                   6      0      6      0      0      0   317810   1600     39      1   
 sto   0  5                   7      0      5      0      0      0   317810     39     39      1   
intt   0  1                   8      0      6      0      0      0   317810     39     39      1   
 opr   0  4                   9      0      5      0      0      0   317810   1521     39      1   
 opr   0  2                  10      0      4      0      0      0   319331   1521     39      1   
intt   0  2                  11      0      6      0      0      0   319331   1521     39      1   
 jpc   0 14                  12      0      5      0      0      0   319331   1521     39      1   
intt   0  2                  13      0      7      0      0      0   319331   1521     39      1   
 jmp   0  5                   5      0      7      0      0      0   319331   1521     39      1   
 opr   0  3                   6      0      6      0      0      0   319331   1521     38      1   
 sto   0  5                   7      0      5      0      0      0   319331     38     38      1   
intt   0  1                   8      0      6      0      0      0   319331     38     38      1   
 opr   0  4                   9      0      5      0      0      0   319331   1444     38      1   
 opr   0  2                  10      0      4      0      0      0   320775   1444     38      1   
intt   0  2                  11      0      6      0      0      0   320775   1444     38      1   
 jpc   0 14                  12      0      5      0      0      0   320775   1444     38      1   
intt   0  2                  13      0      7      0      0      0   320775   1444     38      1   
 jmp   0  5                   5      0      7      0      0      0   320775   1444     38      1   
 opr   0  3                   6      0      6      0      0      0   320775   1444     37      1   
 sto   0  5                   7      0      5      0      0      0   320775     37     37      1   
intt   0  1                   8      0      6      0      0      0   320775     37     37      1   
 opr   0  4                   9      0      5      0      0      0   320775   1369     37      1   
 opr   0  2                  10      0      4      0      0      0   322144   1369     37      1   
intt   0  2                  11      0      6      0      0      0   322144   1369     37      1   
 jpc   0 14                  12      0      5      0      0      0   322144   1369     37      1   
intt   0  2                  13      0      7      0      0      0   322144   1369     37      1   
 jmp   0  5                   5      0      7      0      0      0   322144   1369     37      1   
 opr   0  3                   6      0      6      0      0      0   322144   1369     36      1   
 sto   0  5                   7      0      5      0      0      0   322144     36     36      1   
intt   0  1                   8      0      6      0      0      0   322144     36     36      1   
 opr   0  4                   9      0      5      0      0      0   322144   1296     36      1   
 opr   0  2                  10      0      4      0      0      0   323440   1296     36      1   
intt   0  2                  11      0      6      0      0      0   323440   1296     36      1   
 jpc   0 14                  12      0      5      0      0      0   323440   1296     36      1   
intt   0  2                  13      0      7      0      0      0   323440   1296     36      1   
 jmp   0  5                   5      0      7      0      0      0   323440   1296     36      1   
 opr   0  3                   6      0      6      0      0      0   323440   1296     35      1   
 sto   0  5                   7      0      5      0      0      0   323440     35     35      1   
intt   0  1                   8      0      6      0      0      0   323440     35     35      1   
 opr   0  4                   9      0      5      0      0      0   323440   1225     35      1   
 opr   0  2                  10      0      4      0      0      0   324665   1225     35      1   
intt   0  2                  11      0      6      0      0      0   324665   1225     35      1   
 jpc   0 14                  12      0      5      0      0      0   324665   1225     35      1   
intt   0  2                  13      0      7      0      0      0   324665   1225     35      1   
 jmp   0  5                   5      0      7      0      0      0   324665   1225     35      1   
 opr   0  3                   6      0      6      0      0      0   324665   1225     34      1   
 sto   0  5                   7      0      5      0      0      0   324665     34     34      1   
intt   0  1                   8      0      6      0      0      0   324665     34     34      1   
 opr   0  4                   9      0      5      0      0      0   324665   1156     34      1   
 opr   0  2                  10      0      4      0      0      0   325821   1156     34      1   
intt   0  2                  11      0      6      0      0      0   325821   1156     34      1   
 jpc   0 14                  12      0      5      0      0      0   325821   1156     34      1   
intt   0  2                  13      0      7      0      0      0   325821   1156     34      1   
 jmp   0  5                   5      0      7      0      0      0   325821   1156     34      1   
 opr   0  3                   6      0      6      0      0      0   325821   1156     33      1   
 sto   0  5                   7      0      5      0      0      0   325821     33     33      1   
intt   0  1                   8      0      6      0      0      0   325821     33     33      1   
 opr   0  4                   9      0      5      0      0      0   325821   1089     33      1   
 opr   0  2                  10      0      4      0      0      0   326910   1089     33      1   
intt   0  2                  11      0      6      0      0      0   326910   1089     33      1   
 jpc   0 14                  12      0      5      0      0      0   326910   1089     33      1   
intt   0  2                  13      0      7      0      0      0   326910   1089     33      1   
 jmp   0  5                   5      0      7      0      0      0   326910   1089     33      1   
 opr   0  3                   6      0      6      0      0      0   326910   1089     32      1   
 sto   0  5                   7      0      5      0      0      0   326910     32     32      1   
intt   0  1                   8      0      6      0      0      0   326910     32     32      1   
 opr   0  4                   9      0      5      0      0      0   326910   1024     32      1   
 opr   0  2                  10      0      4      0      0      0   327934   1024     32      1   
intt   0  2                  11      0      6      0      0      0   327934   1024     32      1   
 jpc   0 14                  12      0      5      0      0      0   327934   1024     32      1   
intt   0  2                  13      0      7      0      0      0   327934   1024     32      1   
 jmp   0  5                   5      0      7      0      0      0   327934   1024     32      1   
 opr   0  3                   6      0      6      0      0      0   327934   1024     31      1   
 sto   0  5                   7      0      5      0      0      0   327934     31     31      1   
intt   0  1                   8      0      6      0      0      0   327934     31     31      1   
 opr   0  4                   9      0      5      0      0      0   327934    961     31      1   
 opr   0  2                  10      0      4      0      0      0   328895    961     31      1   
intt   0  2                  11      0      6      0      0      0   328895    961     31      1   
 jpc   0 14                  12      0      5      0      0      0   328895    961     31      1   
intt   0  2                  13      0      7      0      0      0   328895    961     31      1   
 jmp   0  5                   5      0      7      0      0      0   328895    961     31      1   
 opr   0  3                   6      0      6      0      0      0   328895    961     30      1   
 sto   0  5                   7      0      5      0      0      0   328895     30     30      1   
intt   0  1                   8      0      6      0      0      0   328895     30     30      1   
 opr   0  4                   9      0      5      0      0      0   328895    900     30      1   
 opr   0  2                  10      0      4      0      0      0   329795    900     30      1   
intt   0  2                  11      0      6      0      0      0   329795    900     30      1   
 jpc   0 14                  12      0      5      0      0      0   329795    900     30      1   
intt   0  2                  13      0      7      0      0      0   329795    900     30      1   
 jmp   0  5                   5      0      7      0      0      0   329795    900     30      1   
 opr   0  3                   6      0      6      0      0      0   329795    900     29      1   
 sto   0  5                   7      0      5      0      0      0   329795     29     29      1   
intt   0  1                   8      0      6      0      0      0   329795     29     29      1   
 opr   0  4                   9      0      5      0      0      0   329795    841     29      1   
 opr   0  2                  10      0      4      0      0      0   330636    841     29      1   
intt   0  2                  11      0      6      0      0      0   330636    841     29      1   
 jpc   0 14                  12      0      5      0      0      0   330636    841     29      1   
intt   0  2                  13      0      7      0      0      0   330636    841     29      1   
 jmp   0  5                   5      0      7      0      0      0   330636    841     29      1   
 opr   0  3                   6      0      6      0      0      0   330636    841     28      1   
 sto   0  5                   7      0      5      0      0      0   330636     28     28      1   
intt   0  1                   8      0      6      0      0      0   330636     28     28      1   
 opr   0  4                   9      0      5      0      0      0   330636    784     28      1   
 opr   0  2                  10      0      4      0      0      0   331420    784     28      1   
intt   0  2                  11      0      6      0      0      0   331420    784     28      1   
 jpc   0 14                  12      0      5      0      0      0   331420    784     28      1   
intt   0  2                  13      0      7      0      0      0   331420    784     28      1   
 jmp   0  5                   5      0      7      0      0      0   331420    784     28      1   
 opr   0  3                   6      0      6      0      0      0   331420    784     27      1   
 sto   0  5                   7      0      5      0      0      0   331420     27     27      1   
intt   0  1                   8      0      6      0      0      0   331420     27     27      1   
 opr   0  4                   9      0      5      0      0      0   331420    729     27      1   
 opr   0  2                  10      0      4      0      0      0   332149    729     27      1   
intt   0  2                  11      0      6      0      0      0   332149    729     27      1   
 jpc   0 14                  12      0      5      0      0      0   332149    729     27      1   
intt   0  2                  13      0      7      0      0      0   332149    729     27      1   
 jmp   0  5                   5      0      7      0      0      0   332149    729     27      1   
 opr   0  3                   6      0      6      0      0      0   332149    729     26      1   
 sto   0  5                   7      0      5      0      0      0   332149     26     26      1   
intt   0  1                   8      0      6      0      0      0   332149     26     26      1   
 opr   0  4                   9      0      5      0      0      0   332149    676     26      1   
 opr   0  2                  10      0      4      0      0      0   332825    676     26      1   
intt   0  2                  11      0      6      0      0      0   332825    676     26      1   
 jpc   0 14                  12      0      5      0      0      0   332825    676     26      1   
intt   0  2                  13      0      7      0      0      0   332825    676     26      1   
 jmp   0  5                   5      0      7      0      0      0   332825    676     26      1   
 opr   0  3                   6      0      6      0      0      0   332825    676     25      1   
 sto   0  5                   7      0      5      0      0      0   332825     25     25      1   
intt   0  1                   8      0      6      0      0      0   332825     25     25      1   
 opr   0  4                   9      0      5      0      0      0   332825    625     25      1   
 opr   0  2                  10      0      4      0      0      0   333450    625     25      1   
intt   0  2                  11      0      6      0      0      0   333450    625     25      1   
 jpc   0 14                  12      0      5      0      0      0   333450    625     25      1   
intt   0  2                  13      0      7      0      0      0   333450    625     25      1   
 jmp   0  5                   5      0      7      0      0      0   333450    625     25      1   
 opr   0  3                   6      0      6      0      0      0   333450    625     24      1   
 sto   0  5                   7      0      5      0      0      0   333450     24     24      1   
intt   0  1                   8      0      6      0      0      0   333450     24     24      1   
 opr   0  4                   9      0      5      0      0      0   333450    576     24      1   
 opr   0  2                  10      0      4      0      0      0   334026    576     24      1   
intt   0  2                  11      0      6      0      0      0   334026    576     24      1   
 jpc   0 14                  12      0      5      0      0      0   334026    576     24      1   
intt   0  2                  13      0      7      0      0      0   334026    576     24      1   
 jmp   0  5                   5      0      7      0      0      0   334026    576     24      1   
 opr   0  3                   6      0      6      0      0      0   334026    576     23      1   
 sto   0  5                   7      0      5      0      0      0   334026     23     23      1   
intt   0  1                   8      0      6      0      0      0   334026     23     23      1   
 opr   0  4                   9      0      5      0      0      0   334026    529     23      1   
 opr   0  2                  10      0      4      0      0      0   334555    529     23      1   
intt   0  2                  11      0      6      0      0      0   334555    529     23      1   
 jpc   0 14                  12      0      5      0      0      0   334555    529     23      1   
intt   0  2                  13      0      7      0      0      0   334555    529     23      1   
 jmp   0  5                   5      0      7      0      0      0   334555    529     23      1   
 opr   0  3                   6      0      6      0      0      0   334555    529     22      1   
 sto   0  5                   7      0      5      0      0      0   334555     22     22      1   
intt   0  1                   8      0      6      0      0      0   334555     22     22      1   
 opr   0  4                   9      0      5      0      0      0   334555    484     22      1   
 opr   0  2                  10      0      4      0      0      0   335039    484     22      1   
intt   0  2                  11      0      6      0      0      0   335039    484     22      1   
 jpc   0 14                  12      0      5      0      0      0   335039    484     22      1   
intt   0  2                  13      0      7      0      0      0   335039    484     22      1   
 jmp   0  5                   5      0      7      0      0      0   335039    484     22      1   
 opr   0  3                   6      0      6      0      0      0   335039    484     21      1   
 sto   0  5                   7      0      5      0      0      0   335039     21     21      1   
intt   0  1                   8      0      6      0      0      0   335039     21     21      1   
 opr   0  4                   9      0      5      0      0      0   335039    441     21      1   
 opr   0  2                  10      0      4      0      0      0   335480    441     21      1   
intt   0  2                  11      0      6      0      0      0   335480    441     21      1   
 jpc   0 14                  12      0      5      0      0      0   335480    441     21      1   
intt   0  2                  13      0      7      0      0      0   335480    441     21      1   
 jmp   0  5                   5      0      7      0      0      0   335480    441     21      1   
 opr   0  3                   6      0      6      0      0      0   335480    441     20      1   
 sto   0  5                   7      0      5      0      0      0   335480     20     20      1   
intt   0  1                   8      0      6      0      0      0   335480     20     20      1   
 opr   0  4                   9      0      5      0      0      0   335480    400     20      1   
 opr   0  2                  10      0      4      0      0      0   335880    400     20      1   
intt   0  2                  11      0      6      0      0      0   335880    400     20      1   
 jpc   0 14                  12      0      5      0      0      0   335880    400     20      1   
intt   0  2                  13      0      7      0      0      0   335880    400     20      1   
 jmp   0  5                   5      0      7      0      0      0   335880    400     20      1   
 opr   0  3                   6      0      6      0      0      0   335880    400     19      1   
 sto   0  5                   7      0      5      0      0      0   335880     19     19      1   
intt   0  1                   8      0      6      0      0      0   335880     19     19      1   
 opr   0  4                   9      0      5      0      0      0   335880    361     19      1   
 opr   0  2                  10      0      4      0      0      0   336241    361     19      1   
intt   0  2                  11      0      6      0      0      0   336241    361     19      1   
 jpc   0 14                  12      0      5      0      0      0   336241    361     19      1   
intt   0  2                  13      0      7      0      0      0   336241    361     19      1   
 jmp   0  5                   5      0      7      0      0      0   336241    361     19      1   
 opr   0  3                   6      0      6      0      0      0   336241    361     18      1   
 sto   0  5                   7      0      5      0      0      0   336241     18     18      1   
intt   0  1                   8      0      6      0      0      0   336241     18     18      1   
 opr   0  4                   9      0      5      0      0      0   336241    324     18      1   
 opr   0  2                  10      0      4      0      0      0   336565    324     18      1   
intt   0  2                  11      0      6      0      0      0   336565    324     18      1   
 jpc   0 14                  12      0      5      0      0      0   336565    324     18      1   
intt   0  2                  13      0      7      0      0      0   336565    324     18      1   
 jmp   0  5                   5      0      7      0      0      0   336565    324     18      1   
 opr   0  3                   6      0      6      0      0      0   336565    324     17      1   
 sto   0  5                   7      0      5      0      0      0   336565     17     17      1   
intt   0  1                   8      0      6      0      0      0   336565     17     17      1   
 opr   0  4                   9      0      5      0      0      0   336565    289     17      1   
 opr   0  2                  10      0      4      0      0      0   336854    289     17      1   
intt   0  2                  11      0      6      0      0      0   336854    289     17      1   
 jpc   0 14                  12      0      5      0      0      0   336854    289     17      1   
intt   0  2                  13      0      7      0      0      0   336854    289     17      1   
 jmp   0  5                   5      0      7      0      0      0   336854    289     17      1   
 opr   0  3                   6      0      6      0      0      0   336854    289     16      1   
 sto   0  5                   7      0      5      0      0      0   336854     16     16      1   
intt   0  1                   8      0      6      0      0      0   336854     16     16      1   
 opr   0  4                   9      0      5      0      0      0   336854    256     16      1   
 opr   0  2                  10      0      4      0      0      0   337110    256     16      1   
intt   0  2                  11      0      6      0      0      0   337110    256     16      1   
 jpc   0 14                  12      0      5      0      0      0   337110    256     16      1   
intt   0  2                  13      0      7      0      0      0   337110    256     16      1   
 jmp   0  5                   5      0      7      0      0      0   337110    256     16      1   
 opr   0  3                   6      0      6      0      0      0   337110    256     15      1   
 sto   0  5                   7      0      5      0      0      0   337110     15     15      1   
intt   0  1                   8      0      6      0      0      0   337110     15     15      1   
 opr   0  4                   9      0      5      0      0      0   337110    225     15      1   
 opr   0  2                  10      0      4      0      0      0   337335    225     15      1   
intt   0  2                  11      0      6      0      0      0   337335    225     15      1   
 jpc   0 14                  12      0      5      0      0      0   337335    225     15      1   
intt   0  2                  13      0      7      0      0      0   337335    225     15      1   
 jmp   0  5                   5      0      7      0      0      0   337335    225     15      1   
 opr   0  3                   6      0      6      0      0      0   337335    225     14      1   
 sto   0  5                   7      0      5      0      0      0   337335     14     14      1   
intt   0  1                   8      0      6      0      0      0   337335     14     14      1   
 opr   0  4                   9      0      5      0      0      0   337335    196     14      1   
 opr   0  2                  10      0      4      0      0      0   337531    196     14      1   
intt   0  2                  11      0      6      0      0      0   337531    196     14      1   
 jpc   0 14                  12      0      5      0      0      0   337531    196     14      1   
intt   0  2                  13      0      7      0      0      0   337531    196     14      1   
 jmp   0  5                   5      0      7      0      0      0   337531    196     14      1   
 opr   0  3                   6      0      6      0      0      0   337531    196     13      1   
 sto   0  5                   7      0      5      0      0      0   337531     13     13      1   
intt   0  1                   8      0      6      0      0      0   337531     13     13      1   
 opr   0  4                   9      0      5      0      0      0   337531    169     13      1   
 opr   0  2                  10      0      4      0      0      0   337700    169     13      1   
intt   0  2                  11      0      6      0      0      0   337700    169     13      1   
 jpc   0 14                  12      0      5      0      0      0   337700    169     13      1   
intt   0  2                  13      0      7      0      0      0   337700    169     13      1   
 jmp   0  5                   5      0      7      0      0      0   337700    169     13      1   
 opr   0  3                   6      0      6      0      0      0   337700    169     12      1   
 sto   0  5                   7      0      5      0      0      0   337700     12     12      1   
intt   0  1                   8      0      6      0      0      0   337700     12     12      1   
 opr   0  4                   9      0      5      0      0      0   337700    144     12      1   
 opr   0  2                  10      0      4      0      0      0   337844    144     12      1   
intt   0  2                  11      0      6      0      0      0   337844    144     12      1   
 jpc   0 14                  12      0      5      0      0      0   337844    144     12      1   
intt   0  2                  13      0      7      0      0      0   337844    144     12      1   
 jmp   0  5                   5      0      7      0      0      0   337844    144     12      1   
 opr   0  3                   6      0      6      0      0      0   337844    144     11      1   
 sto   0  5                   7      0      5      0      0      0   337844     11     11      1   
intt   0  1                   8      0      6      0      0      0   337844     11     11      1   
 opr   0  4                   9      0      5      0      0      0   337844    121     11      1   
 opr   0  2                  10      0      4      0      0      0   337965    121     11      1   
intt   0  2                  11      0      6      0      0      0   337965    121     11      1   
 jpc   0 14                  12      0      5      0      0      0   337965    121     11      1   
intt   0  2                  13      0      7      0      0      0   337965    121     11      1   
 jmp   0  5                   5      0      7      0      0      0   337965    121     11      1   
 opr   0  3                   6      0      6      0      0      0   337965    121     10      1   
 sto   0  5                   7      0      5      0      0      0   337965     10     10      1   
intt   0  1                   8      0      6      0      0      0   337965     10     10      1   
 opr   0  4                   9      0      5      0      0      0   337965    100     10      1   
 opr   0  2                  10      0      4      0      0      0   338065    100     10      1   
intt   0  2                  11      0      6      0      0      0   338065    100     10      1   
 jpc   0 14                  12      0      5      0      0      0   338065    100     10      1   
intt   0  2                  13      0      7      0      0      0   338065    100     10      1   
 jmp   0  5                   5      0      7      0      0      0   338065    100     10      1   
 opr   0  3                   6      0      6      0      0      0   338065    100      9      1   
 sto   0  5                   7      0      5      0      0      0   338065      9      9      1   
intt   0  1                   8      0      6      0      0      0   338065      9      9      1   
 opr   0  4                   9      0      5      0      0      0   338065     81      9      1   
 opr   0  2                  10      0      4      0      0      0   338146     81      9      1   
intt   0  2                  11      0      6      0      0      0   338146     81      9      1   
 jpc   0 14                  12      0      5      0      0      0   338146     81      9      1   
intt   0  2                  13      0      7      0      0      0   338146     81      9      1   
 jmp   0  5                   5      0      7      0      0      0   338146     81      9      1   
 opr   0  3                   6      0      6      0      0      0   338146     81      8      1   
 sto   0  5                   7      0      5      0      0      0   338146      8      8      1   
intt   0  1                   8      0      6      0      0      0   338146      8      8      1   
 opr   0  4                   9      0      5      0      0      0   338146     64      8      1   
 opr   0  2                  10      0      4      0      0      0   338210     64      8      1   
intt   0  2                  11      0      6      0      0      0   338210     64      8      1   
 jpc   0 14                  12      0      5      0      0      0   338210     64      8      1   
intt   0  2                  13      0      7      0      0      0   338210     64      8      1   
 jmp   0  5                   5      0      7      0      0      0   338210     64      8      1   
 opr   0  3                   6      0      6      0      0      0   338210     64      7      1   
 sto   0  5                   7      0      5      0      0      0   338210      7      7      1   
intt   0  1                   8      0      6      0      0      0   338210      7      7      1   
 opr   0  4                   9      0      5      0      0      0   338210     49      7      1   
 opr   0  2                  10      0      4      0      0      0   338259     49      7      1   
intt   0  2                  11      0      6      0      0      0   338259     49      7      1   
 jpc   0 14                  12      0      5      0      0      0   338259     49      7      1   
intt   0  2                  13      0      7      0      0      0   338259     49      7      1   
 jmp   0  5                   5      0      7      0      0      0   338259     49      7      1   
 opr   0  3                   6      0      6      0      0      0   338259     49      6      1   
 sto   0  5                   7      0      5      0      0      0   338259      6      6      1   
intt   0  1                   8      0      6      0      0      0   338259      6      6      1   
 opr   0  4                   9      0      5      0      0      0   338259     36      6      1   
 opr   0  2                  10      0      4      0      0      0   338295     36      6      1   
intt   0  2                  11      0      6      0      0      0   338295     36      6      1   
 jpc   0 14                  12      0      5      0      0      0   338295     36      6      1   
intt   0  2                  13      0      7      0      0      0   338295     36      6      1   
 jmp   0  5                   5      0      7      0      0      0   338295     36      6      1   
 opr   0  3                   6      0      6      0      0      0   338295     36      5      1   
 sto   0  5                   7      0      5      0      0      0   338295      5      5      1   
intt   0  1                   8      0      6      0      0      0   338295      5      5      1   
 opr   0  4                   9      0      5      0      0      0   338295     25      5      1   
 opr   0  2                  10      0      4      0      0      0   338320     25      5      1   
intt   0  2                  11      0      6      0      0      0   338320     25      5      1   
 jpc   0 14                  12      0      5      0      0      0   338320     25      5      1   
intt   0  2                  13      0      7      0      0      0   338320     25      5      1   
 jmp   0  5                   5      0      7      0      0      0   338320     25      5      1   
 opr   0  3                   6      0      6      0      0      0   338320     25      4      1   
 sto   0  5                   7      0      5      0      0      0   338320      4      4      1   
intt   0  1                   8      0      6      0      0      0   338320      4      4      1   
 opr   0  4                   9      0      5      0      0      0   338320     16      4      1   
 opr   0  2                  10      0      4      0      0      0   338336     16      4      1   
intt   0  2                  11      0      6      0      0      0   338336     16      4      1   
 jpc   0 14                  12      0      5      0      0      0   338336     16      4      1   
intt   0  2                  13      0      7      0      0      0   338336     16      4      1   
 jmp   0  5                   5      0      7      0      0      0   338336     16      4      1   
 opr   0  3                   6      0      6      0      0      0   338336     16      3      1   
 sto   0  5                   7      0      5      0      0      0   338336      3      3      1   
intt   0  1                   8      0      6      0      0      0   338336      3      3      1   
 opr   0  4                   9      0      5      0      0      0   338336      9      3      1   
 opr   0  2                  10      0      4      0      0      0   338345      9      3      1   
intt   0  2                  11      0      6      0      0      0   338345      9      3      1   
 jpc   0 14                  12      0      5      0      0      0   338345      9      3      1   
intt   0  2                  13      0      7      0      0      0   338345      9      3      1   
 jmp   0  5                   5      0      7      0      0      0   338345      9      3      1   
 opr   0  3                   6      0      6      0      0      0   338345      9      2      1   
 sto   0  5                   7      0      5      0      0      0   338345      2      2      1   
intt   0  1                   8      0      6      0      0      0   338345      2      2      1   
 opr   0  4                   9      0      5      0      0      0   338345      4      2      1   
 opr   0  2                  10      0      4      0      0      0   338349      4      2      1   
intt   0  2                  11      0      6      0      0      0   338349      4      2      1   
 jpc   0 14                  12      0      5      0      0      0   338349      4      2      1   
intt   0  2                  13      0      7      0      0      0   338349      4      2      1   
 jmp   0  5                   5      0      7      0      0      0   338349      4      2      1   
 opr   0  3                   6      0      6      0      0      0   338349      4      1      1   
 sto   0  5                   7      0      5      0      0      0   338349      1      1      1   
intt   0  1                   8      0      6      0      0      0   338349      1      1      1   
 opr   0  4                   9      0      5      0      0      0   338349      1      1      1   
 opr   0  2                  10      0      4      0      0      0   338350      1      1      1   
intt   0  2                  11      0      6      0      0      0   338350      1      1      1   
 jpc   0 14                  12      0      5      0      0      0   338350      1      1      1   
intt   0  2                  13      0      7      0      0      0   338350      1      1      1   
 jmp   0  5                   5      0      7      0      0      0   338350      1      1      1   
 opr   0  3                   6      0      6      0      0      0   338350      1      0      1   
 sto   0  5                   7      0      5      0      0      0   338350      0      0      1   
intt   0  1                   8      0      6      0      0      0   338350      0      0      1   
 opr   0  4                   9      0      5      0      0      0   338350      0      0      1   
 opr   0  2                  10      0      4      0      0      0   338350      0      0      1   
intt   0  2                  11      0      6      0      0      0   338350      0      0      1   
 jpc   0 14                  14      0      5      0      0      0   338350      0      0      1   
 opr   0  0                   0      0      0      0      0      0   338350      0      0      1   
end pl/0
